0.0 141.00 426.00 357.00 468.00 2024-09-11 21:50:52
0.0 438.00 422.00 486.00 480.00 2024-09-11 21:50:52
0.0 104.00 60.00 241.00 263.00 2024-09-11 21:50:54
0.0 104.00 60.00 241.00 263.00 2024-09-11 21:50:54
0.0 104.00 60.00 241.00 263.00 2024-09-11 21:50:54
0.0 104.00 60.00 241.00 263.00 2024-09-11 21:50:54
0.0 97.00 48.00 386.00 261.00 2024-09-11 21:50:54
0.0 97.00 48.00 386.00 261.00 2024-09-11 21:50:54
0.0 97.00 48.00 386.00 261.00 2024-09-11 21:50:54
0.0 97.00 48.00 386.00 261.00 2024-09-11 21:50:54
0.0 185.00 111.00 470.00 255.00 2024-09-11 21:50:55
0.0 185.00 111.00 470.00 255.00 2024-09-11 21:50:55
0.0 185.00 111.00 470.00 255.00 2024-09-11 21:50:55
0.0 178.00 101.00 453.00 234.00 2024-09-11 21:50:55
0.0 178.00 101.00 453.00 234.00 2024-09-11 21:50:55
0.0 178.00 101.00 453.00 234.00 2024-09-11 21:50:55
0.0 178.00 101.00 453.00 234.00 2024-09-11 21:50:55
0.0 183.00 114.00 442.00 250.00 2024-09-11 21:50:55
0.0 183.00 114.00 442.00 250.00 2024-09-11 21:50:55
0.0 183.00 114.00 442.00 250.00 2024-09-11 21:50:55
0.0 183.00 114.00 442.00 250.00 2024-09-11 21:50:55
0.0 189.00 120.00 437.00 276.00 2024-09-11 21:50:55
0.0 189.00 120.00 437.00 276.00 2024-09-11 21:50:55
0.0 189.00 120.00 437.00 276.00 2024-09-11 21:50:56
0.0 189.00 120.00 437.00 276.00 2024-09-11 21:50:56
0.0 192.00 121.00 443.00 288.00 2024-09-11 21:50:56
0.0 192.00 121.00 443.00 288.00 2024-09-11 21:50:56
0.0 192.00 121.00 443.00 288.00 2024-09-11 21:50:56
0.0 198.00 131.00 453.00 296.00 2024-09-11 21:50:56
0.0 198.00 131.00 453.00 296.00 2024-09-11 21:50:56
0.0 198.00 131.00 453.00 296.00 2024-09-11 21:50:56
0.0 198.00 131.00 453.00 296.00 2024-09-11 21:50:56
0.0 221.00 141.00 471.00 295.00 2024-09-11 21:50:56
0.0 221.00 141.00 471.00 295.00 2024-09-11 21:50:56
0.0 221.00 141.00 471.00 295.00 2024-09-11 21:50:56
0.0 221.00 141.00 471.00 295.00 2024-09-11 21:50:56
0.0 220.00 162.00 477.00 330.00 2024-09-11 21:50:56
0.0 220.00 162.00 477.00 330.00 2024-09-11 21:50:56
0.0 220.00 162.00 477.00 330.00 2024-09-11 21:50:56
0.0 216.00 165.00 480.00 334.00 2024-09-11 21:50:56
0.0 216.00 165.00 480.00 334.00 2024-09-11 21:50:56
0.0 216.00 165.00 480.00 334.00 2024-09-11 21:50:56
0.0 216.00 165.00 480.00 334.00 2024-09-11 21:50:56
0.0 217.00 180.00 480.00 358.00 2024-09-11 21:50:56
0.0 217.00 180.00 480.00 358.00 2024-09-11 21:50:56
0.0 217.00 180.00 480.00 358.00 2024-09-11 21:50:56
0.0 217.00 180.00 480.00 358.00 2024-09-11 21:50:56
0.0 231.00 168.00 499.00 361.00 2024-09-11 21:50:56
0.0 231.00 168.00 499.00 361.00 2024-09-11 21:50:56
0.0 231.00 168.00 499.00 361.00 2024-09-11 21:50:56
0.0 231.00 168.00 499.00 361.00 2024-09-11 21:50:56
0.0 247.00 161.00 506.00 344.00 2024-09-11 21:50:57
0.0 247.00 161.00 506.00 344.00 2024-09-11 21:50:57
0.0 247.00 161.00 506.00 344.00 2024-09-11 21:50:57
0.0 246.00 160.00 508.00 351.00 2024-09-11 21:50:57
0.0 246.00 160.00 508.00 351.00 2024-09-11 21:50:57
0.0 246.00 160.00 508.00 351.00 2024-09-11 21:50:57
0.0 246.00 160.00 508.00 351.00 2024-09-11 21:50:57
0.0 240.00 170.00 498.00 354.00 2024-09-11 21:50:57
0.0 240.00 170.00 498.00 354.00 2024-09-11 21:50:57
0.0 240.00 170.00 498.00 354.00 2024-09-11 21:50:57
0.0 240.00 170.00 498.00 354.00 2024-09-11 21:50:57
0.0 243.00 178.00 502.00 353.00 2024-09-11 21:50:57
0.0 243.00 178.00 502.00 353.00 2024-09-11 21:50:57
0.0 243.00 178.00 502.00 353.00 2024-09-11 21:50:57
0.0 245.00 172.00 503.00 352.00 2024-09-11 21:50:57
0.0 245.00 172.00 503.00 352.00 2024-09-11 21:50:57
0.0 245.00 172.00 503.00 352.00 2024-09-11 21:50:57
0.0 245.00 172.00 503.00 352.00 2024-09-11 21:50:57
0.0 245.00 172.00 503.00 352.00 2024-09-11 21:50:57
0.0 248.00 166.00 501.00 354.00 2024-09-11 21:50:57
0.0 248.00 166.00 501.00 354.00 2024-09-11 21:50:57
0.0 248.00 166.00 501.00 354.00 2024-09-11 21:50:57
0.0 251.00 161.00 555.00 355.00 2024-09-11 21:50:57
0.0 251.00 161.00 555.00 355.00 2024-09-11 21:50:57
0.0 251.00 161.00 555.00 355.00 2024-09-11 21:50:57
0.0 251.00 161.00 555.00 355.00 2024-09-11 21:50:57
0.0 250.00 165.00 614.00 356.00 2024-09-11 21:50:57
0.0 250.00 165.00 614.00 356.00 2024-09-11 21:50:57
0.0 250.00 165.00 614.00 356.00 2024-09-11 21:50:58
0.0 250.00 165.00 614.00 356.00 2024-09-11 21:50:58
0.0 255.00 150.00 598.00 356.00 2024-09-11 21:50:58
0.0 255.00 150.00 598.00 356.00 2024-09-11 21:50:58
0.0 255.00 150.00 598.00 356.00 2024-09-11 21:50:58
0.0 255.00 150.00 598.00 356.00 2024-09-11 21:50:58
0.0 259.00 146.00 585.00 355.00 2024-09-11 21:50:58
0.0 259.00 146.00 585.00 355.00 2024-09-11 21:50:58
0.0 259.00 146.00 585.00 355.00 2024-09-11 21:50:58
0.0 256.00 151.00 540.00 354.00 2024-09-11 21:50:58
0.0 256.00 151.00 540.00 354.00 2024-09-11 21:50:58
0.0 256.00 151.00 540.00 354.00 2024-09-11 21:50:58
0.0 256.00 151.00 540.00 354.00 2024-09-11 21:50:58
0.0 258.00 152.00 605.00 360.00 2024-09-11 21:50:58
0.0 258.00 152.00 605.00 360.00 2024-09-11 21:50:58
0.0 258.00 152.00 605.00 360.00 2024-09-11 21:50:58
0.0 258.00 152.00 605.00 360.00 2024-09-11 21:50:58
0.0 257.00 179.00 546.00 351.00 2024-09-11 21:50:58
0.0 257.00 179.00 546.00 351.00 2024-09-11 21:50:58
0.0 257.00 179.00 546.00 351.00 2024-09-11 21:50:58
0.0 264.00 179.00 593.00 355.00 2024-09-11 21:50:58
0.0 264.00 179.00 593.00 355.00 2024-09-11 21:50:58
0.0 264.00 179.00 593.00 355.00 2024-09-11 21:50:58
0.0 264.00 179.00 593.00 355.00 2024-09-11 21:50:58
0.0 264.00 179.00 593.00 355.00 2024-09-11 21:50:58
0.0 265.00 184.00 614.00 358.00 2024-09-11 21:50:58
0.0 265.00 184.00 614.00 358.00 2024-09-11 21:50:58
0.0 265.00 184.00 614.00 358.00 2024-09-11 21:50:58
0.0 271.00 185.00 613.00 354.00 2024-09-11 21:50:59
0.0 271.00 185.00 613.00 354.00 2024-09-11 21:50:59
0.0 271.00 185.00 613.00 354.00 2024-09-11 21:50:59
0.0 271.00 185.00 613.00 354.00 2024-09-11 21:50:59
0.0 278.00 183.00 540.00 351.00 2024-09-11 21:50:59
0.0 278.00 183.00 540.00 351.00 2024-09-11 21:50:59
0.0 278.00 183.00 540.00 351.00 2024-09-11 21:50:59
0.0 278.00 183.00 540.00 351.00 2024-09-11 21:50:59
0.0 289.00 181.00 536.00 348.00 2024-09-11 21:50:59
0.0 289.00 181.00 536.00 348.00 2024-09-11 21:50:59
0.0 289.00 181.00 536.00 348.00 2024-09-11 21:50:59
0.0 288.00 179.00 636.00 356.00 2024-09-11 21:50:59
0.0 288.00 179.00 636.00 356.00 2024-09-11 21:50:59
0.0 288.00 179.00 636.00 356.00 2024-09-11 21:50:59
0.0 292.00 184.00 624.00 358.00 2024-09-11 21:50:59
0.0 292.00 184.00 624.00 358.00 2024-09-11 21:50:59
0.0 292.00 184.00 624.00 358.00 2024-09-11 21:50:59
0.0 292.00 184.00 624.00 358.00 2024-09-11 21:50:59
0.0 292.00 184.00 624.00 358.00 2024-09-11 21:50:59
0.0 306.00 192.00 575.00 358.00 2024-09-11 21:50:59
0.0 306.00 192.00 575.00 358.00 2024-09-11 21:50:59
0.0 306.00 192.00 575.00 358.00 2024-09-11 21:50:59
0.0 309.00 190.00 636.00 363.00 2024-09-11 21:50:59
0.0 309.00 190.00 636.00 363.00 2024-09-11 21:50:59
0.0 309.00 190.00 636.00 363.00 2024-09-11 21:50:59
0.0 316.00 199.00 637.00 362.00 2024-09-11 21:50:59
0.0 316.00 199.00 637.00 362.00 2024-09-11 21:50:59
0.0 316.00 199.00 637.00 362.00 2024-09-11 21:50:59
0.0 316.00 199.00 637.00 362.00 2024-09-11 21:51:00
0.0 316.00 199.00 637.00 362.00 2024-09-11 21:51:00
0.0 325.00 199.00 629.00 357.00 2024-09-11 21:51:00
0.0 325.00 199.00 629.00 357.00 2024-09-11 21:51:00
0.0 332.00 195.00 640.00 357.00 2024-09-11 21:51:00
0.0 332.00 195.00 640.00 357.00 2024-09-11 21:51:00
0.0 332.00 195.00 640.00 357.00 2024-09-11 21:51:00
0.0 332.00 195.00 640.00 357.00 2024-09-11 21:51:00
0.0 342.00 194.00 640.00 354.00 2024-09-11 21:51:00
0.0 342.00 194.00 640.00 354.00 2024-09-11 21:51:00
0.0 342.00 194.00 640.00 354.00 2024-09-11 21:51:00
0.0 342.00 194.00 640.00 354.00 2024-09-11 21:51:00
0.0 342.00 194.00 640.00 354.00 2024-09-11 21:51:00
0.0 348.00 200.00 640.00 357.00 2024-09-11 21:51:00
0.0 348.00 200.00 640.00 357.00 2024-09-11 21:51:00
0.0 348.00 200.00 640.00 357.00 2024-09-11 21:51:00
0.0 340.00 196.00 640.00 356.00 2024-09-11 21:51:00
0.0 340.00 196.00 640.00 356.00 2024-09-11 21:51:00
0.0 340.00 196.00 640.00 356.00 2024-09-11 21:51:00
0.0 344.00 187.00 636.00 350.00 2024-09-11 21:51:00
0.0 344.00 187.00 636.00 350.00 2024-09-11 21:51:00
0.0 344.00 187.00 636.00 350.00 2024-09-11 21:51:00
0.0 344.00 187.00 636.00 350.00 2024-09-11 21:51:00
0.0 344.00 187.00 636.00 350.00 2024-09-11 21:51:00
0.0 343.00 188.00 640.00 352.00 2024-09-11 21:51:00
0.0 343.00 188.00 640.00 352.00 2024-09-11 21:51:00
0.0 343.00 188.00 640.00 352.00 2024-09-11 21:51:00
0.0 345.00 179.00 636.00 351.00 2024-09-11 21:51:01
0.0 345.00 179.00 636.00 351.00 2024-09-11 21:51:01
0.0 345.00 179.00 636.00 351.00 2024-09-11 21:51:01
0.0 333.00 176.00 640.00 350.00 2024-09-11 21:51:01
0.0 333.00 176.00 640.00 350.00 2024-09-11 21:51:01
0.0 333.00 176.00 640.00 350.00 2024-09-11 21:51:01
0.0 333.00 176.00 640.00 350.00 2024-09-11 21:51:01
0.0 333.00 176.00 640.00 350.00 2024-09-11 21:51:01
0.0 350.00 190.00 640.00 349.00 2024-09-11 21:51:01
0.0 350.00 190.00 640.00 349.00 2024-09-11 21:51:01
0.0 350.00 190.00 640.00 349.00 2024-09-11 21:51:01
0.0 355.00 209.00 640.00 345.00 2024-09-11 21:51:01
0.0 355.00 209.00 640.00 345.00 2024-09-11 21:51:01
0.0 355.00 209.00 640.00 345.00 2024-09-11 21:51:01
0.0 50.00 208.00 81.00 275.00 2024-09-11 21:51:02
0.0 50.00 208.00 81.00 275.00 2024-09-11 21:51:02
0.0 50.00 208.00 81.00 275.00 2024-09-11 21:51:02
0.0 40.00 207.00 61.00 246.00 2024-09-11 21:51:03
0.0 40.00 207.00 61.00 246.00 2024-09-11 21:51:03
0.0 40.00 207.00 61.00 246.00 2024-09-11 21:51:03
0.0 100.00 330.00 126.00 365.00 2024-09-11 21:51:03
0.0 100.00 330.00 126.00 365.00 2024-09-11 21:51:03
0.0 100.00 330.00 126.00 365.00 2024-09-11 21:51:03
0.0 100.00 330.00 126.00 365.00 2024-09-11 21:51:03
0.0 93.00 330.00 122.00 371.00 2024-09-11 21:51:03
0.0 93.00 330.00 122.00 371.00 2024-09-11 21:51:04
0.0 93.00 330.00 122.00 371.00 2024-09-11 21:51:04
0.0 1.00 295.00 46.00 366.00 2024-09-11 21:51:04
0.0 1.00 295.00 46.00 366.00 2024-09-11 21:51:04
0.0 1.00 295.00 46.00 366.00 2024-09-11 21:51:04
0.0 287.00 238.00 339.00 316.00 2024-09-11 21:51:10
0.0 287.00 238.00 339.00 316.00 2024-09-11 21:51:10
0.0 287.00 238.00 339.00 316.00 2024-09-11 21:51:10
0.0 293.00 224.00 324.00 280.00 2024-09-11 21:51:10
0.0 293.00 224.00 324.00 280.00 2024-09-11 21:51:10
0.0 293.00 224.00 324.00 280.00 2024-09-11 21:51:10
0.0 293.00 224.00 324.00 280.00 2024-09-11 21:51:10
0.0 271.00 222.00 320.00 290.00 2024-09-11 21:51:10
0.0 271.00 222.00 320.00 290.00 2024-09-11 21:51:10
0.0 271.00 222.00 320.00 290.00 2024-09-11 21:51:11
0.0 278.00 230.00 320.00 292.00 2024-09-11 21:51:11
0.0 278.00 230.00 320.00 292.00 2024-09-11 21:51:11
0.0 278.00 230.00 320.00 292.00 2024-09-11 21:51:11
0.0 278.00 230.00 320.00 292.00 2024-09-11 21:51:11
0.0 264.00 221.00 314.00 289.00 2024-09-11 21:51:11
1.0 148.00 1.00 472.00 147.00 2024-09-11 21:51:11
0.0 264.00 221.00 314.00 289.00 2024-09-11 21:51:11
1.0 148.00 1.00 472.00 147.00 2024-09-11 21:51:11
0.0 264.00 221.00 314.00 289.00 2024-09-11 21:51:11
1.0 148.00 1.00 472.00 147.00 2024-09-11 21:51:11
0.0 254.00 221.00 304.00 291.00 2024-09-11 21:51:11
1.0 164.00 2.00 454.00 146.00 2024-09-11 21:51:11
0.0 254.00 221.00 304.00 291.00 2024-09-11 21:51:11
1.0 164.00 2.00 454.00 146.00 2024-09-11 21:51:11
0.0 254.00 221.00 304.00 291.00 2024-09-11 21:51:11
1.0 164.00 2.00 454.00 146.00 2024-09-11 21:51:11
0.0 248.00 227.00 296.00 296.00 2024-09-11 21:51:11
0.0 248.00 227.00 296.00 296.00 2024-09-11 21:51:11
0.0 248.00 227.00 296.00 296.00 2024-09-11 21:51:11
0.0 248.00 227.00 296.00 296.00 2024-09-11 21:51:11
0.0 249.00 233.00 291.00 292.00 2024-09-11 21:51:11
0.0 249.00 233.00 291.00 292.00 2024-09-11 21:51:11
0.0 249.00 233.00 291.00 292.00 2024-09-11 21:51:11
0.0 241.00 241.00 292.00 305.00 2024-09-11 21:51:11
0.0 241.00 241.00 292.00 305.00 2024-09-11 21:51:11
0.0 241.00 241.00 292.00 305.00 2024-09-11 21:51:11
0.0 243.00 250.00 298.00 323.00 2024-09-11 21:51:11
0.0 243.00 250.00 298.00 323.00 2024-09-11 21:51:11
0.0 243.00 250.00 298.00 323.00 2024-09-11 21:51:11
0.0 250.00 249.00 301.00 314.00 2024-09-11 21:51:12
0.0 250.00 249.00 301.00 314.00 2024-09-11 21:51:12
0.0 238.00 234.00 287.00 298.00 2024-09-11 21:51:12
0.0 238.00 234.00 287.00 298.00 2024-09-11 21:51:12
0.0 238.00 234.00 287.00 298.00 2024-09-11 21:51:12
0.0 241.00 235.00 287.00 299.00 2024-09-11 21:51:12
0.0 241.00 235.00 287.00 299.00 2024-09-11 21:51:12
0.0 241.00 235.00 287.00 299.00 2024-09-11 21:51:12
0.0 248.00 231.00 280.00 293.00 2024-09-11 21:51:12
0.0 248.00 231.00 280.00 293.00 2024-09-11 21:51:12
0.0 248.00 231.00 280.00 293.00 2024-09-11 21:51:12
0.0 305.00 258.00 360.00 306.00 2024-09-11 21:51:13
0.0 305.00 258.00 360.00 306.00 2024-09-11 21:51:13
0.0 305.00 258.00 360.00 306.00 2024-09-11 21:51:13
0.0 305.00 258.00 360.00 306.00 2024-09-11 21:51:13
0.0 308.00 260.00 364.00 302.00 2024-09-11 21:51:13
0.0 308.00 260.00 364.00 302.00 2024-09-11 21:51:13
0.0 308.00 260.00 364.00 302.00 2024-09-11 21:51:13
0.0 299.00 252.00 362.00 307.00 2024-09-11 21:51:13
0.0 299.00 252.00 362.00 307.00 2024-09-11 21:51:13
0.0 299.00 252.00 362.00 307.00 2024-09-11 21:51:13
0.0 404.00 222.00 429.00 271.00 2024-09-11 21:51:13
0.0 404.00 222.00 429.00 271.00 2024-09-11 21:51:13
0.0 404.00 222.00 429.00 271.00 2024-09-11 21:51:13
0.0 404.00 222.00 429.00 271.00 2024-09-11 21:51:13
0.0 409.00 202.00 435.00 279.00 2024-09-11 21:51:13
0.0 315.00 195.00 332.00 215.00 2024-09-11 21:51:13
0.0 409.00 202.00 435.00 279.00 2024-09-11 21:51:13
0.0 315.00 195.00 332.00 215.00 2024-09-11 21:51:13
0.0 409.00 202.00 435.00 279.00 2024-09-11 21:51:13
0.0 315.00 195.00 332.00 215.00 2024-09-11 21:51:13
0.0 409.00 227.00 433.00 282.00 2024-09-11 21:51:14
0.0 313.00 195.00 330.00 215.00 2024-09-11 21:51:14
0.0 409.00 227.00 433.00 282.00 2024-09-11 21:51:14
0.0 313.00 195.00 330.00 215.00 2024-09-11 21:51:14
0.0 409.00 227.00 433.00 282.00 2024-09-11 21:51:14
0.0 313.00 195.00 330.00 215.00 2024-09-11 21:51:14
0.0 409.00 227.00 433.00 282.00 2024-09-11 21:51:14
0.0 313.00 195.00 330.00 215.00 2024-09-11 21:51:14
0.0 405.00 228.00 430.00 280.00 2024-09-11 21:51:14
0.0 405.00 228.00 430.00 280.00 2024-09-11 21:51:14
0.0 405.00 228.00 430.00 280.00 2024-09-11 21:51:14
0.0 404.00 225.00 428.00 280.00 2024-09-11 21:51:14
0.0 404.00 225.00 428.00 280.00 2024-09-11 21:51:14
0.0 404.00 225.00 428.00 280.00 2024-09-11 21:51:14
0.0 405.00 232.00 431.00 286.00 2024-09-11 21:51:14
0.0 405.00 232.00 431.00 286.00 2024-09-11 21:51:14
0.0 405.00 232.00 431.00 286.00 2024-09-11 21:51:14
0.0 405.00 232.00 431.00 286.00 2024-09-11 21:51:14
0.0 409.00 236.00 435.00 291.00 2024-09-11 21:51:14
0.0 315.00 194.00 331.00 217.00 2024-09-11 21:51:14
0.0 409.00 236.00 435.00 291.00 2024-09-11 21:51:14
0.0 315.00 194.00 331.00 217.00 2024-09-11 21:51:14
0.0 409.00 236.00 435.00 291.00 2024-09-11 21:51:14
0.0 315.00 194.00 331.00 217.00 2024-09-11 21:51:14
0.0 411.00 208.00 438.00 299.00 2024-09-11 21:51:14
0.0 411.00 208.00 438.00 299.00 2024-09-11 21:51:14
0.0 411.00 208.00 438.00 299.00 2024-09-11 21:51:14
0.0 64.00 234.00 85.00 269.00 2024-09-11 21:51:15
0.0 64.00 234.00 85.00 269.00 2024-09-11 21:51:15
0.0 64.00 234.00 85.00 269.00 2024-09-11 21:51:15
0.0 63.00 235.00 85.00 269.00 2024-09-11 21:51:15
1.0 46.00 195.00 181.00 238.00 2024-09-11 21:51:15
0.0 63.00 235.00 85.00 269.00 2024-09-11 21:51:15
1.0 46.00 195.00 181.00 238.00 2024-09-11 21:51:15
0.0 63.00 235.00 85.00 269.00 2024-09-11 21:51:15
1.0 46.00 195.00 181.00 238.00 2024-09-11 21:51:15
0.0 64.00 235.00 85.00 269.00 2024-09-11 21:51:15
0.0 64.00 235.00 85.00 269.00 2024-09-11 21:51:15
0.0 64.00 235.00 85.00 269.00 2024-09-11 21:51:15
0.0 63.00 235.00 85.00 270.00 2024-09-11 21:51:15
1.0 46.00 194.00 186.00 234.00 2024-09-11 21:51:15
0.0 63.00 235.00 85.00 270.00 2024-09-11 21:51:15
1.0 46.00 194.00 186.00 234.00 2024-09-11 21:51:15
0.0 63.00 235.00 85.00 270.00 2024-09-11 21:51:15
1.0 46.00 194.00 186.00 234.00 2024-09-11 21:51:15
0.0 62.00 234.00 85.00 270.00 2024-09-11 21:51:15
1.0 44.00 193.00 193.00 234.00 2024-09-11 21:51:15
0.0 62.00 234.00 85.00 270.00 2024-09-11 21:51:15
1.0 44.00 193.00 193.00 234.00 2024-09-11 21:51:15
0.0 62.00 234.00 85.00 270.00 2024-09-11 21:51:15
1.0 44.00 193.00 193.00 234.00 2024-09-11 21:51:15
0.0 62.00 234.00 85.00 270.00 2024-09-11 21:51:15
1.0 44.00 193.00 193.00 234.00 2024-09-11 21:51:15
0.0 63.00 236.00 85.00 271.00 2024-09-11 21:51:15
1.0 44.00 195.00 192.00 234.00 2024-09-11 21:51:15
0.0 63.00 236.00 85.00 271.00 2024-09-11 21:51:16
1.0 44.00 195.00 192.00 234.00 2024-09-11 21:51:16
0.0 63.00 236.00 85.00 271.00 2024-09-11 21:51:16
1.0 44.00 195.00 192.00 234.00 2024-09-11 21:51:16
0.0 69.00 238.00 91.00 271.00 2024-09-11 21:51:16
1.0 54.00 197.00 197.00 237.00 2024-09-11 21:51:16
0.0 69.00 238.00 91.00 271.00 2024-09-11 21:51:16
1.0 54.00 197.00 197.00 237.00 2024-09-11 21:51:16
0.0 69.00 238.00 91.00 271.00 2024-09-11 21:51:16
1.0 54.00 197.00 197.00 237.00 2024-09-11 21:51:16
0.0 73.00 239.00 94.00 273.00 2024-09-11 21:51:16
1.0 57.00 197.00 205.00 238.00 2024-09-11 21:51:16
0.0 73.00 239.00 94.00 273.00 2024-09-11 21:51:16
1.0 57.00 197.00 205.00 238.00 2024-09-11 21:51:16
0.0 73.00 239.00 94.00 273.00 2024-09-11 21:51:16
1.0 57.00 197.00 205.00 238.00 2024-09-11 21:51:16
0.0 75.00 238.00 96.00 272.00 2024-09-11 21:51:16
0.0 346.00 226.00 365.00 256.00 2024-09-11 21:51:16
1.0 61.00 198.00 204.00 238.00 2024-09-11 21:51:16
0.0 75.00 238.00 96.00 272.00 2024-09-11 21:51:16
0.0 346.00 226.00 365.00 256.00 2024-09-11 21:51:16
1.0 61.00 198.00 204.00 238.00 2024-09-11 21:51:16
0.0 75.00 238.00 96.00 272.00 2024-09-11 21:51:16
0.0 346.00 226.00 365.00 256.00 2024-09-11 21:51:16
1.0 61.00 198.00 204.00 238.00 2024-09-11 21:51:16
1.0 65.00 201.00 215.00 242.00 2024-09-11 21:51:16
0.0 83.00 240.00 101.00 275.00 2024-09-11 21:51:16
1.0 65.00 201.00 215.00 242.00 2024-09-11 21:51:16
0.0 83.00 240.00 101.00 275.00 2024-09-11 21:51:16
1.0 65.00 201.00 215.00 242.00 2024-09-11 21:51:16
0.0 83.00 240.00 101.00 275.00 2024-09-11 21:51:16
0.0 95.00 248.00 116.00 283.00 2024-09-11 21:51:16
1.0 79.00 211.00 231.00 246.00 2024-09-11 21:51:16
0.0 95.00 248.00 116.00 283.00 2024-09-11 21:51:16
1.0 79.00 211.00 231.00 246.00 2024-09-11 21:51:16
0.0 95.00 248.00 116.00 283.00 2024-09-11 21:51:16
1.0 79.00 211.00 231.00 246.00 2024-09-11 21:51:16
0.0 108.00 255.00 129.00 287.00 2024-09-11 21:51:16
0.0 108.00 255.00 129.00 287.00 2024-09-11 21:51:16
0.0 108.00 255.00 129.00 287.00 2024-09-11 21:51:16
0.0 114.00 252.00 132.00 282.00 2024-09-11 21:51:16
1.0 97.00 213.00 246.00 248.00 2024-09-11 21:51:16
0.0 114.00 252.00 132.00 282.00 2024-09-11 21:51:16
1.0 97.00 213.00 246.00 248.00 2024-09-11 21:51:16
0.0 114.00 252.00 132.00 282.00 2024-09-11 21:51:16
1.0 97.00 213.00 246.00 248.00 2024-09-11 21:51:16
0.0 232.00 213.00 251.00 242.00 2024-09-11 21:51:17
0.0 232.00 213.00 251.00 242.00 2024-09-11 21:51:17
0.0 232.00 213.00 251.00 242.00 2024-09-11 21:51:17
0.0 237.00 205.00 258.00 232.00 2024-09-11 21:51:17
0.0 237.00 205.00 258.00 232.00 2024-09-11 21:51:17
0.0 237.00 205.00 258.00 232.00 2024-09-11 21:51:17
0.0 228.00 203.00 249.00 230.00 2024-09-11 21:51:17
0.0 289.00 272.00 305.00 303.00 2024-09-11 21:51:17
0.0 228.00 203.00 249.00 230.00 2024-09-11 21:51:17
0.0 289.00 272.00 305.00 303.00 2024-09-11 21:51:17
0.0 228.00 203.00 249.00 230.00 2024-09-11 21:51:18
0.0 289.00 272.00 305.00 303.00 2024-09-11 21:51:18
0.0 192.00 191.00 412.00 308.00 2024-09-11 21:51:18
0.0 192.00 191.00 412.00 308.00 2024-09-11 21:51:18
0.0 192.00 191.00 412.00 308.00 2024-09-11 21:51:18
0.0 192.00 191.00 412.00 308.00 2024-09-11 21:51:18
0.0 195.00 183.00 418.00 305.00 2024-09-11 21:51:18
0.0 195.00 183.00 418.00 305.00 2024-09-11 21:51:18
0.0 195.00 183.00 418.00 305.00 2024-09-11 21:51:18
0.0 195.00 154.00 430.00 289.00 2024-09-11 21:51:18
0.0 195.00 154.00 430.00 289.00 2024-09-11 21:51:19
0.0 195.00 154.00 430.00 289.00 2024-09-11 21:51:19
0.0 195.00 154.00 430.00 289.00 2024-09-11 21:51:19
0.0 194.00 158.00 433.00 285.00 2024-09-11 21:51:19
0.0 194.00 158.00 433.00 285.00 2024-09-11 21:51:19
0.0 194.00 158.00 433.00 285.00 2024-09-11 21:51:19
0.0 191.00 161.00 422.00 266.00 2024-09-11 21:51:19
0.0 191.00 161.00 422.00 266.00 2024-09-11 21:51:19
0.0 191.00 161.00 422.00 266.00 2024-09-11 21:51:19
0.0 190.00 162.00 424.00 246.00 2024-09-11 21:51:19
0.0 190.00 162.00 424.00 246.00 2024-09-11 21:51:19
0.0 190.00 162.00 424.00 246.00 2024-09-11 21:51:19
0.0 195.00 158.00 433.00 242.00 2024-09-11 21:51:19
0.0 195.00 158.00 433.00 242.00 2024-09-11 21:51:19
0.0 195.00 158.00 433.00 242.00 2024-09-11 21:51:19
0.0 195.00 158.00 433.00 242.00 2024-09-11 21:51:19
0.0 345.00 218.00 426.00 316.00 2024-09-11 21:51:20
0.0 345.00 218.00 426.00 316.00 2024-09-11 21:51:20
0.0 345.00 218.00 426.00 316.00 2024-09-11 21:51:20
0.0 343.00 193.00 436.00 321.00 2024-09-11 21:51:20
0.0 343.00 193.00 436.00 321.00 2024-09-11 21:51:20
0.0 343.00 193.00 436.00 321.00 2024-09-11 21:51:20
0.0 343.00 193.00 436.00 321.00 2024-09-11 21:51:20
0.0 346.00 177.00 455.00 320.00 2024-09-11 21:51:20
0.0 346.00 177.00 455.00 320.00 2024-09-11 21:51:20
0.0 351.00 183.00 454.00 319.00 2024-09-11 21:51:20
0.0 351.00 183.00 454.00 319.00 2024-09-11 21:51:20
0.0 351.00 183.00 454.00 319.00 2024-09-11 21:51:20
0.0 351.00 183.00 454.00 319.00 2024-09-11 21:51:20
0.0 351.00 188.00 429.00 312.00 2024-09-11 21:51:20
0.0 351.00 188.00 429.00 312.00 2024-09-11 21:51:20
0.0 351.00 188.00 429.00 312.00 2024-09-11 21:51:20
0.0 351.00 188.00 429.00 312.00 2024-09-11 21:51:20
0.0 351.00 193.00 431.00 312.00 2024-09-11 21:51:20
0.0 351.00 193.00 431.00 312.00 2024-09-11 21:51:20
0.0 351.00 193.00 431.00 312.00 2024-09-11 21:51:20
0.0 354.00 203.00 424.00 313.00 2024-09-11 21:51:21
0.0 361.00 263.00 393.00 311.00 2024-09-11 21:51:21
0.0 354.00 203.00 424.00 313.00 2024-09-11 21:51:21
0.0 361.00 263.00 393.00 311.00 2024-09-11 21:51:21
0.0 354.00 203.00 424.00 313.00 2024-09-11 21:51:21
0.0 361.00 263.00 393.00 311.00 2024-09-11 21:51:21
0.0 252.00 259.00 275.00 305.00 2024-09-11 21:51:21
0.0 456.00 266.00 482.00 302.00 2024-09-11 21:51:21
0.0 252.00 259.00 275.00 305.00 2024-09-11 21:51:21
0.0 456.00 266.00 482.00 302.00 2024-09-11 21:51:21
0.0 252.00 259.00 275.00 305.00 2024-09-11 21:51:21
0.0 456.00 266.00 482.00 302.00 2024-09-11 21:51:21
0.0 451.00 252.00 516.00 305.00 2024-09-11 21:51:21
0.0 451.00 252.00 516.00 305.00 2024-09-11 21:51:21
0.0 451.00 252.00 516.00 305.00 2024-09-11 21:51:21
0.0 453.00 246.00 521.00 305.00 2024-09-11 21:51:21
0.0 453.00 246.00 521.00 305.00 2024-09-11 21:51:21
0.0 453.00 246.00 521.00 305.00 2024-09-11 21:51:21
0.0 455.00 246.00 526.00 304.00 2024-09-11 21:51:21
0.0 455.00 246.00 526.00 304.00 2024-09-11 21:51:21
0.0 455.00 246.00 526.00 304.00 2024-09-11 21:51:21
0.0 455.00 246.00 526.00 304.00 2024-09-11 21:51:21
0.0 458.00 242.00 529.00 300.00 2024-09-11 21:51:21
0.0 458.00 242.00 529.00 300.00 2024-09-11 21:51:21
0.0 460.00 240.00 529.00 297.00 2024-09-11 21:51:21
0.0 460.00 240.00 529.00 297.00 2024-09-11 21:51:21
0.0 460.00 240.00 529.00 297.00 2024-09-11 21:51:21
0.0 460.00 240.00 529.00 297.00 2024-09-11 21:51:21
0.0 463.00 238.00 536.00 295.00 2024-09-11 21:51:21
0.0 463.00 238.00 536.00 295.00 2024-09-11 21:51:21
0.0 463.00 238.00 536.00 295.00 2024-09-11 21:51:22
0.0 463.00 238.00 536.00 295.00 2024-09-11 21:51:22
0.0 466.00 237.00 542.00 292.00 2024-09-11 21:51:22
0.0 466.00 237.00 542.00 292.00 2024-09-11 21:51:22
0.0 466.00 237.00 542.00 292.00 2024-09-11 21:51:22
0.0 472.00 236.00 550.00 288.00 2024-09-11 21:51:22
0.0 472.00 236.00 550.00 288.00 2024-09-11 21:51:22
0.0 472.00 236.00 550.00 288.00 2024-09-11 21:51:22
1.0 480.00 233.00 561.00 287.00 2024-09-11 21:51:22
0.0 480.00 234.00 559.00 287.00 2024-09-11 21:51:22
1.0 480.00 233.00 561.00 287.00 2024-09-11 21:51:22
0.0 480.00 234.00 559.00 287.00 2024-09-11 21:51:22
1.0 480.00 233.00 561.00 287.00 2024-09-11 21:51:22
0.0 480.00 234.00 559.00 287.00 2024-09-11 21:51:22
1.0 480.00 233.00 561.00 287.00 2024-09-11 21:51:22
0.0 480.00 234.00 559.00 287.00 2024-09-11 21:51:22
1.0 486.00 229.00 572.00 287.00 2024-09-11 21:51:22
1.0 486.00 229.00 572.00 287.00 2024-09-11 21:51:22
1.0 486.00 229.00 572.00 287.00 2024-09-11 21:51:22
0.0 484.00 230.00 565.00 290.00 2024-09-11 21:51:22
1.0 483.00 229.00 574.00 289.00 2024-09-11 21:51:22
0.0 484.00 230.00 565.00 290.00 2024-09-11 21:51:22
1.0 483.00 229.00 574.00 289.00 2024-09-11 21:51:22
1.0 483.00 229.00 575.00 289.00 2024-09-11 21:51:22
0.0 483.00 230.00 569.00 290.00 2024-09-11 21:51:22
1.0 483.00 229.00 575.00 289.00 2024-09-11 21:51:22
0.0 483.00 230.00 569.00 290.00 2024-09-11 21:51:22
1.0 483.00 229.00 575.00 289.00 2024-09-11 21:51:22
0.0 483.00 230.00 569.00 290.00 2024-09-11 21:51:22
1.0 483.00 229.00 575.00 289.00 2024-09-11 21:51:22
0.0 483.00 230.00 569.00 290.00 2024-09-11 21:51:22
1.0 501.00 227.00 584.00 286.00 2024-09-11 21:51:22
0.0 485.00 254.00 502.00 287.00 2024-09-11 21:51:22
1.0 501.00 227.00 584.00 286.00 2024-09-11 21:51:22
0.0 485.00 254.00 502.00 287.00 2024-09-11 21:51:22
1.0 501.00 227.00 584.00 286.00 2024-09-11 21:51:23
0.0 485.00 254.00 502.00 287.00 2024-09-11 21:51:23
1.0 501.00 227.00 584.00 286.00 2024-09-11 21:51:23
0.0 485.00 254.00 502.00 287.00 2024-09-11 21:51:23
0.0 507.00 163.00 557.00 338.00 2024-09-11 21:51:23
0.0 365.00 255.00 416.00 331.00 2024-09-11 21:51:23
0.0 507.00 163.00 557.00 338.00 2024-09-11 21:51:23
0.0 365.00 255.00 416.00 331.00 2024-09-11 21:51:23
0.0 507.00 163.00 557.00 338.00 2024-09-11 21:51:23
0.0 365.00 255.00 416.00 331.00 2024-09-11 21:51:23
0.0 506.00 157.00 555.00 338.00 2024-09-11 21:51:23
0.0 364.00 261.00 417.00 331.00 2024-09-11 21:51:23
0.0 506.00 157.00 555.00 338.00 2024-09-11 21:51:23
0.0 364.00 261.00 417.00 331.00 2024-09-11 21:51:23
0.0 506.00 157.00 555.00 338.00 2024-09-11 21:51:24
0.0 364.00 261.00 417.00 331.00 2024-09-11 21:51:24
0.0 506.00 157.00 555.00 338.00 2024-09-11 21:51:24
0.0 364.00 261.00 417.00 331.00 2024-09-11 21:51:24
0.0 506.00 152.00 545.00 342.00 2024-09-11 21:51:24
0.0 361.00 256.00 415.00 330.00 2024-09-11 21:51:24
0.0 238.00 141.00 429.00 178.00 2024-09-11 21:51:24
0.0 506.00 152.00 545.00 342.00 2024-09-11 21:51:24
0.0 361.00 256.00 415.00 330.00 2024-09-11 21:51:24
0.0 238.00 141.00 429.00 178.00 2024-09-11 21:51:24
0.0 506.00 152.00 545.00 342.00 2024-09-11 21:51:24
0.0 361.00 256.00 415.00 330.00 2024-09-11 21:51:24
0.0 238.00 141.00 429.00 178.00 2024-09-11 21:51:24
0.0 363.00 250.00 417.00 331.00 2024-09-11 21:51:24
0.0 509.00 152.00 549.00 338.00 2024-09-11 21:51:24
0.0 247.00 142.00 433.00 178.00 2024-09-11 21:51:24
0.0 363.00 250.00 417.00 331.00 2024-09-11 21:51:24
0.0 509.00 152.00 549.00 338.00 2024-09-11 21:51:24
0.0 247.00 142.00 433.00 178.00 2024-09-11 21:51:24
0.0 365.00 245.00 416.00 329.00 2024-09-11 21:51:24
0.0 508.00 150.00 549.00 337.00 2024-09-11 21:51:24
0.0 246.00 140.00 432.00 179.00 2024-09-11 21:51:24
0.0 365.00 245.00 416.00 329.00 2024-09-11 21:51:24
0.0 508.00 150.00 549.00 337.00 2024-09-11 21:51:24
0.0 246.00 140.00 432.00 179.00 2024-09-11 21:51:24
0.0 365.00 245.00 416.00 329.00 2024-09-11 21:51:24
0.0 508.00 150.00 549.00 337.00 2024-09-11 21:51:24
0.0 246.00 140.00 432.00 179.00 2024-09-11 21:51:24
0.0 365.00 245.00 416.00 329.00 2024-09-11 21:51:24
0.0 508.00 150.00 549.00 337.00 2024-09-11 21:51:24
0.0 246.00 140.00 432.00 179.00 2024-09-11 21:51:24
0.0 365.00 244.00 417.00 328.00 2024-09-11 21:51:24
0.0 507.00 150.00 547.00 341.00 2024-09-11 21:51:24
0.0 365.00 244.00 417.00 328.00 2024-09-11 21:51:24
0.0 507.00 150.00 547.00 341.00 2024-09-11 21:51:24
0.0 365.00 244.00 417.00 328.00 2024-09-11 21:51:24
0.0 507.00 150.00 547.00 341.00 2024-09-11 21:51:24
0.0 364.00 250.00 417.00 332.00 2024-09-11 21:51:24
0.0 364.00 250.00 417.00 332.00 2024-09-11 21:51:24
0.0 364.00 248.00 418.00 333.00 2024-09-11 21:51:24
0.0 509.00 151.00 625.00 345.00 2024-09-11 21:51:24
0.0 364.00 248.00 418.00 333.00 2024-09-11 21:51:24
0.0 509.00 151.00 625.00 345.00 2024-09-11 21:51:24
0.0 364.00 248.00 418.00 333.00 2024-09-11 21:51:24
0.0 509.00 151.00 625.00 345.00 2024-09-11 21:51:24
0.0 364.00 248.00 418.00 333.00 2024-09-11 21:51:24
0.0 509.00 151.00 625.00 345.00 2024-09-11 21:51:24
0.0 508.00 154.00 617.00 345.00 2024-09-11 21:51:24
0.0 365.00 251.00 417.00 331.00 2024-09-11 21:51:24
0.0 508.00 154.00 617.00 345.00 2024-09-11 21:51:24
0.0 365.00 251.00 417.00 331.00 2024-09-11 21:51:24
0.0 508.00 154.00 617.00 345.00 2024-09-11 21:51:24
0.0 365.00 251.00 417.00 331.00 2024-09-11 21:51:24
0.0 509.00 148.00 617.00 345.00 2024-09-11 21:51:25
0.0 365.00 252.00 418.00 333.00 2024-09-11 21:51:25
0.0 509.00 148.00 617.00 345.00 2024-09-11 21:51:25
0.0 365.00 252.00 418.00 333.00 2024-09-11 21:51:25
0.0 509.00 154.00 616.00 345.00 2024-09-11 21:51:25
0.0 509.00 154.00 616.00 345.00 2024-09-11 21:51:25
0.0 509.00 154.00 616.00 345.00 2024-09-11 21:51:25
0.0 509.00 154.00 616.00 345.00 2024-09-11 21:51:25
0.0 509.00 154.00 616.00 345.00 2024-09-11 21:51:25
0.0 217.00 140.00 323.00 333.00 2024-09-11 21:51:26
0.0 217.00 140.00 323.00 333.00 2024-09-11 21:51:26
0.0 217.00 140.00 323.00 333.00 2024-09-11 21:51:26
0.0 217.00 147.00 323.00 342.00 2024-09-11 21:51:26
0.0 217.00 147.00 323.00 342.00 2024-09-11 21:51:26
0.0 217.00 147.00 323.00 342.00 2024-09-11 21:51:26
0.0 417.00 168.00 453.00 233.00 2024-09-11 21:51:26
0.0 417.00 168.00 453.00 233.00 2024-09-11 21:51:26
0.0 417.00 168.00 453.00 233.00 2024-09-11 21:51:26
0.0 193.00 193.00 606.00 364.00 2024-09-11 21:51:27
0.0 193.00 193.00 606.00 364.00 2024-09-11 21:51:27
0.0 193.00 193.00 606.00 364.00 2024-09-11 21:51:27
0.0 211.00 232.00 589.00 356.00 2024-09-11 21:51:27
0.0 211.00 232.00 589.00 356.00 2024-09-11 21:51:27
0.0 211.00 232.00 589.00 356.00 2024-09-11 21:51:27
0.0 211.00 232.00 589.00 356.00 2024-09-11 21:51:27
0.0 291.00 225.00 578.00 365.00 2024-09-11 21:51:27
0.0 291.00 225.00 578.00 365.00 2024-09-11 21:51:27
0.0 291.00 225.00 578.00 365.00 2024-09-11 21:51:27
0.0 290.00 225.00 588.00 372.00 2024-09-11 21:51:27
0.0 290.00 225.00 588.00 372.00 2024-09-11 21:51:28
0.0 290.00 225.00 588.00 372.00 2024-09-11 21:51:28
0.0 294.00 220.00 556.00 368.00 2024-09-11 21:51:28
0.0 294.00 220.00 556.00 368.00 2024-09-11 21:51:28
0.0 294.00 220.00 556.00 368.00 2024-09-11 21:51:28
0.0 294.00 218.00 550.00 371.00 2024-09-11 21:51:28
0.0 294.00 218.00 550.00 371.00 2024-09-11 21:51:28
0.0 294.00 218.00 550.00 371.00 2024-09-11 21:51:28
0.0 294.00 218.00 550.00 371.00 2024-09-11 21:51:28
0.0 292.00 214.00 563.00 373.00 2024-09-11 21:51:28
0.0 292.00 214.00 563.00 373.00 2024-09-11 21:51:28
0.0 292.00 214.00 563.00 373.00 2024-09-11 21:51:28
0.0 290.00 210.00 573.00 373.00 2024-09-11 21:51:28
0.0 290.00 210.00 573.00 373.00 2024-09-11 21:51:28
0.0 290.00 210.00 573.00 373.00 2024-09-11 21:51:28
0.0 294.00 219.00 563.00 371.00 2024-09-11 21:51:28
0.0 294.00 219.00 563.00 371.00 2024-09-11 21:51:28
0.0 294.00 219.00 563.00 371.00 2024-09-11 21:51:28
0.0 297.00 207.00 547.00 369.00 2024-09-11 21:51:28
0.0 297.00 207.00 547.00 369.00 2024-09-11 21:51:28
0.0 297.00 207.00 547.00 369.00 2024-09-11 21:51:28
0.0 297.00 207.00 547.00 369.00 2024-09-11 21:51:28
0.0 296.00 207.00 562.00 373.00 2024-09-11 21:51:28
0.0 296.00 207.00 562.00 373.00 2024-09-11 21:51:28
0.0 296.00 207.00 562.00 373.00 2024-09-11 21:51:28
0.0 294.00 220.00 565.00 373.00 2024-09-11 21:51:29
0.0 294.00 220.00 565.00 373.00 2024-09-11 21:51:29
0.0 294.00 220.00 565.00 373.00 2024-09-11 21:51:29
0.0 289.00 208.00 581.00 377.00 2024-09-11 21:51:29
0.0 289.00 208.00 581.00 377.00 2024-09-11 21:51:29
0.0 289.00 208.00 581.00 377.00 2024-09-11 21:51:29
0.0 289.00 206.00 578.00 378.00 2024-09-11 21:51:29
0.0 289.00 206.00 578.00 378.00 2024-09-11 21:51:29
0.0 289.00 206.00 578.00 378.00 2024-09-11 21:51:29
0.0 289.00 206.00 578.00 378.00 2024-09-11 21:51:29
0.0 288.00 205.00 588.00 378.00 2024-09-11 21:51:29
0.0 288.00 205.00 588.00 378.00 2024-09-11 21:51:29
0.0 288.00 205.00 588.00 378.00 2024-09-11 21:51:29
0.0 289.00 214.00 581.00 375.00 2024-09-11 21:51:29
0.0 289.00 214.00 581.00 375.00 2024-09-11 21:51:29
0.0 289.00 214.00 581.00 375.00 2024-09-11 21:51:29
0.0 289.00 207.00 604.00 378.00 2024-09-11 21:51:29
0.0 289.00 207.00 604.00 378.00 2024-09-11 21:51:29
0.0 289.00 207.00 604.00 378.00 2024-09-11 21:51:29
0.0 289.00 204.00 608.00 379.00 2024-09-11 21:51:29
0.0 289.00 204.00 608.00 379.00 2024-09-11 21:51:29
0.0 289.00 204.00 608.00 379.00 2024-09-11 21:51:29
0.0 289.00 204.00 608.00 379.00 2024-09-11 21:51:29
0.0 288.00 205.00 593.00 380.00 2024-09-11 21:51:29
0.0 288.00 205.00 593.00 380.00 2024-09-11 21:51:30
0.0 288.00 205.00 593.00 380.00 2024-09-11 21:51:30
0.0 288.00 200.00 590.00 378.00 2024-09-11 21:51:30
0.0 288.00 200.00 590.00 378.00 2024-09-11 21:51:30
0.0 288.00 200.00 590.00 378.00 2024-09-11 21:51:30
0.0 288.00 197.00 590.00 380.00 2024-09-11 21:51:30
0.0 288.00 197.00 590.00 380.00 2024-09-11 21:51:30
0.0 288.00 197.00 590.00 380.00 2024-09-11 21:51:30
0.0 289.00 195.00 579.00 384.00 2024-09-11 21:51:30
0.0 289.00 195.00 579.00 384.00 2024-09-11 21:51:30
0.0 289.00 195.00 579.00 384.00 2024-09-11 21:51:30
0.0 288.00 196.00 592.00 384.00 2024-09-11 21:51:30
0.0 288.00 196.00 592.00 384.00 2024-09-11 21:51:30
0.0 288.00 196.00 592.00 384.00 2024-09-11 21:51:30
0.0 290.00 195.00 567.00 381.00 2024-09-11 21:51:30
0.0 290.00 195.00 567.00 381.00 2024-09-11 21:51:30
0.0 290.00 195.00 567.00 381.00 2024-09-11 21:51:30
0.0 290.00 195.00 567.00 381.00 2024-09-11 21:51:30
0.0 292.00 219.00 555.00 379.00 2024-09-11 21:51:30
0.0 292.00 219.00 555.00 379.00 2024-09-11 21:51:30
0.0 292.00 219.00 555.00 379.00 2024-09-11 21:51:30
0.0 291.00 219.00 564.00 380.00 2024-09-11 21:51:30
0.0 291.00 219.00 564.00 380.00 2024-09-11 21:51:30
0.0 291.00 219.00 564.00 380.00 2024-09-11 21:51:30
0.0 286.00 224.00 633.00 388.00 2024-09-11 21:51:30
0.0 286.00 224.00 633.00 388.00 2024-09-11 21:51:31
0.0 286.00 224.00 633.00 388.00 2024-09-11 21:51:31
0.0 286.00 224.00 633.00 388.00 2024-09-11 21:51:31
0.0 285.00 219.00 636.00 385.00 2024-09-11 21:51:31
0.0 285.00 219.00 636.00 385.00 2024-09-11 21:51:31
0.0 285.00 219.00 636.00 385.00 2024-09-11 21:51:31
0.0 287.00 216.00 593.00 382.00 2024-09-11 21:51:31
0.0 287.00 216.00 593.00 382.00 2024-09-11 21:51:31
0.0 287.00 216.00 593.00 382.00 2024-09-11 21:51:31
0.0 286.00 218.00 635.00 385.00 2024-09-11 21:51:31
0.0 286.00 218.00 635.00 385.00 2024-09-11 21:51:31
0.0 286.00 218.00 635.00 385.00 2024-09-11 21:51:31
0.0 292.00 216.00 533.00 380.00 2024-09-11 21:51:31
0.0 292.00 216.00 533.00 380.00 2024-09-11 21:51:31
0.0 292.00 216.00 533.00 380.00 2024-09-11 21:51:31
0.0 286.00 219.00 635.00 385.00 2024-09-11 21:51:31
0.0 286.00 219.00 635.00 385.00 2024-09-11 21:51:31
0.0 286.00 219.00 635.00 385.00 2024-09-11 21:51:31
0.0 285.00 219.00 636.00 385.00 2024-09-11 21:51:31
0.0 285.00 219.00 636.00 385.00 2024-09-11 21:51:31
0.0 285.00 219.00 636.00 385.00 2024-09-11 21:51:31
0.0 285.00 219.00 636.00 385.00 2024-09-11 21:51:31
0.0 283.00 217.00 635.00 387.00 2024-09-11 21:51:31
0.0 283.00 217.00 635.00 387.00 2024-09-11 21:51:32
0.0 283.00 217.00 635.00 387.00 2024-09-11 21:51:32
0.0 284.00 219.00 635.00 384.00 2024-09-11 21:51:32
0.0 284.00 219.00 635.00 384.00 2024-09-11 21:51:32
0.0 284.00 219.00 635.00 384.00 2024-09-11 21:51:32
0.0 288.00 216.00 625.00 384.00 2024-09-11 21:51:32
0.0 288.00 216.00 625.00 384.00 2024-09-11 21:51:32
0.0 288.00 216.00 625.00 384.00 2024-09-11 21:51:32
0.0 297.00 214.00 629.00 382.00 2024-09-11 21:51:32
0.0 297.00 214.00 629.00 382.00 2024-09-11 21:51:32
0.0 297.00 214.00 629.00 382.00 2024-09-11 21:51:32
0.0 305.00 214.00 632.00 378.00 2024-09-11 21:51:32
0.0 305.00 214.00 632.00 378.00 2024-09-11 21:51:32
0.0 305.00 214.00 632.00 378.00 2024-09-11 21:51:32
0.0 305.00 214.00 632.00 378.00 2024-09-11 21:51:32
0.0 318.00 210.00 639.00 374.00 2024-09-11 21:51:32
0.0 318.00 210.00 639.00 374.00 2024-09-11 21:51:32
0.0 318.00 210.00 639.00 374.00 2024-09-11 21:51:32
0.0 322.00 205.00 638.00 361.00 2024-09-11 21:51:32
0.0 322.00 205.00 638.00 361.00 2024-09-11 21:51:32
0.0 322.00 205.00 638.00 361.00 2024-09-11 21:51:32
0.0 332.00 203.00 640.00 365.00 2024-09-11 21:51:32
0.0 332.00 203.00 640.00 365.00 2024-09-11 21:51:32
0.0 332.00 203.00 640.00 365.00 2024-09-11 21:51:32
0.0 330.00 200.00 640.00 363.00 2024-09-11 21:51:32
0.0 330.00 200.00 640.00 363.00 2024-09-11 21:51:33
0.0 330.00 200.00 640.00 363.00 2024-09-11 21:51:33
0.0 340.00 197.00 637.00 361.00 2024-09-11 21:51:33
0.0 340.00 197.00 637.00 361.00 2024-09-11 21:51:33
0.0 340.00 197.00 637.00 361.00 2024-09-11 21:51:33
0.0 340.00 197.00 637.00 361.00 2024-09-11 21:51:33
0.0 355.00 199.00 638.00 361.00 2024-09-11 21:51:33
0.0 355.00 199.00 638.00 361.00 2024-09-11 21:51:33
0.0 355.00 199.00 638.00 361.00 2024-09-11 21:51:33
0.0 326.00 202.00 634.00 358.00 2024-09-11 21:51:33
0.0 326.00 202.00 634.00 358.00 2024-09-11 21:51:33
0.0 326.00 202.00 634.00 358.00 2024-09-11 21:51:33
0.0 326.00 202.00 634.00 358.00 2024-09-11 21:51:33
